Time	x_1	x_2	
0	0	0	
0.01	4.9833e-05	0.0099499	
0.02	0.00019866	0.019799	
0.03	0.00044549	0.029548	
0.04	0.00078929	0.039196	
0.05	0.0012291	0.048742	
0.06	0.0017638	0.058187	
0.07	0.0023925	0.067529	
0.08	0.003114	0.076769	
0.09	0.0039275	0.085906	
0.1	0.0048318	0.09494	
0.11	0.005826	0.10387	
0.12	0.0069089	0.1127	
0.13	0.0080796	0.12142	
0.14	0.009337	0.13004	
0.15	0.01068	0.13856	
0.16	0.012108	0.14697	
0.17	0.013619	0.15527	
0.18	0.015213	0.16348	
0.19	0.016889	0.17157	
0.2	0.018645	0.17956	
0.21	0.02048	0.18745	
0.22	0.022394	0.19523	
0.23	0.024385	0.20291	
0.24	0.026452	0.21048	
0.25	0.028595	0.21794	
0.26	0.030811	0.2253	
0.27	0.033101	0.23255	
0.28	0.035462	0.2397	
0.29	0.037895	0.24674	
0.3	0.040397	0.25367	
0.31	0.042968	0.2605	
0.32	0.045607	0.26723	
0.33	0.048312	0.27384	
0.34	0.051083	0.28036	
0.35	0.053919	0.28676	
0.36	0.056818	0.29306	
0.37	0.059779	0.29925	
0.38	0.062802	0.30534	
0.39	0.065885	0.31132	
0.4	0.069027	0.3172	
0.41	0.072228	0.32297	
0.42	0.075486	0.32864	
0.43	0.0788	0.3342	
0.44	0.082169	0.33965	
0.45	0.085592	0.345	
0.46	0.089069	0.35025	
0.47	0.092597	0.35539	
0.48	0.096176	0.36042	
0.49	0.099805	0.36535	
0.5	0.10348	0.37018	
0.51	0.10721	0.3749	
0.52	0.11098	0.37952	
0.53	0.1148	0.38403	
0.54	0.11866	0.38844	
0.55	0.12257	0.39274	
0.56	0.12652	0.39695	
0.57	0.13051	0.40105	
0.58	0.13454	0.40504	
0.59	0.13862	0.40894	
0.6	0.14273	0.41273	
0.61	0.14687	0.41642	
0.62	0.15106	0.42001	
0.63	0.15528	0.4235	
0.64	0.15953	0.42689	
0.65	0.16382	0.43017	
0.66	0.16814	0.43336	
0.67	0.17249	0.43644	
0.68	0.17687	0.43943	
0.69	0.18128	0.44232	
0.7	0.18571	0.44511	
0.71	0.19018	0.4478	
0.72	0.19467	0.45039	
0.73	0.19919	0.45288	
0.74	0.20373	0.45528	
0.75	0.20829	0.45758	
0.76	0.21288	0.45978	
0.77	0.21749	0.46189	
0.78	0.22212	0.4639	
0.79	0.22676	0.46582	
0.8	0.23143	0.46764	
0.81	0.23611	0.46937	
0.82	0.24082	0.471	
0.83	0.24553	0.47254	
0.84	0.25026	0.47398	
0.85	0.25501	0.47533	
0.86	0.25977	0.47659	
0.87	0.26454	0.47776	
0.88	0.26932	0.47883	
0.89	0.27411	0.47982	
0.9	0.27891	0.48071	
0.91	0.28372	0.48152	
0.92	0.28854	0.48223	
0.93	0.29336	0.48285	
0.94	0.29819	0.48339	
0.95	0.30303	0.48384	
0.96	0.30787	0.4842	
0.97	0.31271	0.48447	
0.98	0.31756	0.48465	
0.99	0.3224	0.48475	
1	0.32725	0.48477	
1.01	0.3321	0.48469	
1.02	0.33694	0.48454	
1.03	0.34179	0.48429	
1.04	0.34663	0.48397	
1.05	0.35147	0.48356	
1.06	0.3563	0.48307	
1.07	0.36113	0.48249	
1.08	0.36596	0.48183	
1.09	0.37077	0.48109	
1.1	0.37558	0.48028	
1.11	0.38038	0.47938	
1.12	0.38518	0.4784	
1.13	0.38996	0.47734	
1.14	0.39473	0.47621	
1.15	0.39949	0.475	
1.16	0.40424	0.47371	
1.17	0.40897	0.47234	
1.18	0.41369	0.4709	
1.19	0.41839	0.46939	
1.2	0.42308	0.4678	
1.21	0.42776	0.46614	
1.22	0.43241	0.46441	
1.23	0.43705	0.4626	
1.24	0.44167	0.46072	
1.25	0.44627	0.45877	
1.26	0.45085	0.45675	
1.27	0.45541	0.45467	
1.28	0.45995	0.45251	
1.29	0.46446	0.45028	
1.3	0.46896	0.44799	
1.31	0.47343	0.44563	
1.32	0.47787	0.44321	
1.33	0.48229	0.44071	
1.34	0.48669	0.43816	
1.35	0.49106	0.43554	
1.36	0.4954	0.43285	
1.37	0.49972	0.4301	
1.38	0.504	0.42729	
1.39	0.50826	0.42442	
1.4	0.51249	0.42149	
1.41	0.51669	0.4185	
1.42	0.52086	0.41544	
1.43	0.525	0.41233	
1.44	0.5291	0.40916	
1.45	0.53318	0.40593	
1.46	0.53722	0.40264	
1.47	0.54122	0.3993	
1.48	0.5452	0.3959	
1.49	0.54914	0.39244	
1.5	0.55304	0.38894	
1.51	0.55691	0.38537	
1.52	0.56074	0.38175	
1.53	0.56454	0.37808	
1.54	0.5683	0.37436	
1.55	0.57202	0.37059	
1.56	0.5757	0.36676	
1.57	0.57935	0.36289	
1.58	0.58295	0.35896	
1.59	0.58652	0.35499	
1.6	0.59004	0.35097	
1.61	0.59353	0.3469	
1.62	0.59698	0.34278	
1.63	0.60038	0.33861	
1.64	0.60374	0.3344	
1.65	0.60706	0.33015	
1.66	0.61034	0.32585	
1.67	0.61357	0.3215	
1.68	0.61677	0.31712	
1.69	0.61991	0.31269	
1.7	0.62302	0.30821	
1.71	0.62608	0.3037	
1.72	0.62909	0.29914	
1.73	0.63206	0.29455	
1.74	0.63498	0.28991	
1.75	0.63786	0.28524	
1.76	0.64068	0.28053	
1.77	0.64347	0.27578	
1.78	0.6462	0.27099	
1.79	0.64889	0.26617	
1.8	0.65152	0.26131	
1.81	0.65411	0.25642	
1.82	0.65665	0.25149	
1.83	0.65914	0.24654	
1.84	0.66158	0.24154	
1.85	0.66397	0.23652	
1.86	0.66631	0.23147	
1.87	0.6686	0.22638	
1.88	0.67084	0.22127	
1.89	0.67303	0.21613	
1.9	0.67516	0.21096	
1.91	0.67725	0.20576	
1.92	0.67928	0.20053	
1.93	0.68126	0.19528	
1.94	0.68319	0.19001	
1.95	0.68506	0.1847	
1.96	0.68688	0.17938	
1.97	0.68865	0.17403	
1.98	0.69036	0.16866	
1.99	0.69202	0.16326	
2	0.69363	0.15785	
2.01	0.69518	0.15241	
2.02	0.69668	0.14695	
2.03	0.69812	0.14147	
2.04	0.69951	0.13598	
2.05	0.70084	0.13046	
2.06	0.70212	0.12493	
2.07	0.70334	0.11938	
2.08	0.70451	0.11381	
2.09	0.70562	0.10823	
2.1	0.70667	0.10263	
2.11	0.70767	0.097023	
2.12	0.70861	0.091396	
2.13	0.7095	0.085756	
2.14	0.71033	0.080104	
2.15	0.7111	0.074439	
2.16	0.71182	0.068762	
2.17	0.71248	0.063073	
2.18	0.71308	0.057375	
2.19	0.71362	0.051666	
2.2	0.71411	0.045948	
2.21	0.71454	0.040221	
2.22	0.71492	0.034485	
2.23	0.71523	0.028742	
2.24	0.71549	0.022992	
2.25	0.71569	0.017234	
2.26	0.71583	0.011471	
2.27	0.71592	0.0057024	
2.28	0.71595	-7.1404e-05	
2.29	0.71592	-0.0058497	
2.3	0.71583	-0.011632	
2.31	0.71568	-0.017418	
2.32	0.71548	-0.023206	
2.33	0.71522	-0.028997	
2.34	0.7149	-0.03479	
2.35	0.71452	-0.040585	
2.36	0.71408	-0.04638	
2.37	0.71359	-0.052175	
2.38	0.71304	-0.05797	
2.39	0.71243	-0.063765	
2.4	0.71176	-0.069558	
2.41	0.71104	-0.07535	
2.42	0.71026	-0.08114	
2.43	0.70942	-0.086927	
2.44	0.70852	-0.09271	
2.45	0.70756	-0.09849	
2.46	0.70655	-0.10426	
2.47	0.70547	-0.11003	
2.48	0.70434	-0.1158	
2.49	0.70315	-0.12156	
2.5	0.70191	-0.12731	
2.51	0.7006	-0.13305	
2.52	0.69924	-0.13879	
2.53	0.69782	-0.14452	
2.54	0.69635	-0.15023	
2.55	0.69482	-0.15594	
2.56	0.69322	-0.16164	
2.57	0.69158	-0.16733	
2.58	0.68987	-0.17301	
2.59	0.68811	-0.17868	
2.6	0.6863	-0.18434	
2.61	0.68442	-0.18998	
2.62	0.68249	-0.19561	
2.63	0.68051	-0.20123	
2.64	0.67847	-0.20683	
2.65	0.67637	-0.21242	
2.66	0.67421	-0.218	
2.67	0.67201	-0.22356	
2.68	0.66974	-0.2291	
2.69	0.66742	-0.23463	
2.7	0.66505	-0.24014	
2.71	0.66262	-0.24564	
2.72	0.66013	-0.25111	
2.73	0.65759	-0.25657	
2.74	0.655	-0.26202	
2.75	0.65235	-0.26744	
2.76	0.64965	-0.27284	
2.77	0.6469	-0.27823	
2.78	0.64409	-0.28359	
2.79	0.64123	-0.28894	
2.8	0.63831	-0.29426	
2.81	0.63534	-0.29957	
2.82	0.63232	-0.30485	
2.83	0.62925	-0.31011	
2.84	0.62612	-0.31535	
2.85	0.62294	-0.32056	
2.86	0.61971	-0.32576	
2.87	0.61643	-0.33093	
2.88	0.6131	-0.33607	
2.89	0.60971	-0.34119	
2.9	0.60628	-0.34629	
2.91	0.60279	-0.35136	
2.92	0.59926	-0.35641	
2.93	0.59567	-0.36143	
2.94	0.59203	-0.36643	
2.95	0.58834	-0.3714	
2.96	0.58461	-0.37634	
2.97	0.58082	-0.38126	
2.98	0.57698	-0.38615	
2.99	0.5731	-0.39101	
3	0.56917	-0.39585	
3.01	0.56519	-0.40066	
3.02	0.56116	-0.40543	
3.03	0.55708	-0.41018	
3.04	0.55296	-0.41491	
3.05	0.54878	-0.4196	
3.06	0.54457	-0.42426	
3.07	0.5403	-0.42889	
3.08	0.53599	-0.4335	
3.09	0.53163	-0.43807	
3.1	0.52723	-0.44261	
3.11	0.52278	-0.44712	
3.12	0.51829	-0.4516	
3.13	0.51375	-0.45605	
3.14	0.50917	-0.46047	
3.15	0.50454	-0.46485	
3.16	0.49987	-0.4692	
3.17	0.49515	-0.47352	
3.18	0.49039	-0.47781	
3.19	0.48559	-0.48206	
3.2	0.48074	-0.48628	
3.21	0.47585	-0.49046	
3.22	0.47092	-0.49461	
3.23	0.46595	-0.49873	
3.24	0.46093	-0.50281	
3.25	0.45588	-0.50686	
3.26	0.45078	-0.51087	
3.27	0.44565	-0.51485	
3.28	0.44047	-0.51879	
3.29	0.43526	-0.52269	
3.3	0.43	-0.52656	
3.31	0.42471	-0.53039	
3.32	0.41938	-0.53419	
3.33	0.41401	-0.53795	
3.34	0.4086	-0.54167	
3.35	0.40316	-0.54536	
3.36	0.39768	-0.54901	
3.37	0.39217	-0.55262	
3.38	0.38662	-0.5562	
3.39	0.38103	-0.55973	
3.4	0.37541	-0.56323	
3.41	0.36976	-0.56669	
3.42	0.36407	-0.57011	
3.43	0.35834	-0.5735	
3.44	0.35259	-0.57684	
3.45	0.3468	-0.58015	
3.46	0.34097	-0.58342	
3.47	0.33512	-0.58665	
3.48	0.32924	-0.58984	
3.49	0.32332	-0.59299	
3.5	0.31737	-0.5961	
3.51	0.31139	-0.59917	
3.52	0.30538	-0.6022	
3.53	0.29935	-0.60519	
3.54	0.29328	-0.60814	
3.55	0.28718	-0.61105	
3.56	0.28106	-0.61393	
3.57	0.2749	-0.61676	
3.58	0.26872	-0.61955	
3.59	0.26252	-0.62229	
3.6	0.25628	-0.625	
3.61	0.25002	-0.62767	
3.62	0.24373	-0.6303	
3.63	0.23742	-0.63288	
3.64	0.23108	-0.63543	
3.65	0.22472	-0.63793	
3.66	0.21833	-0.64039	
3.67	0.21192	-0.64281	
3.68	0.20548	-0.64519	
3.69	0.19903	-0.64752	
3.7	0.19254	-0.64982	
3.71	0.18604	-0.65207	
3.72	0.17951	-0.65428	
3.73	0.17297	-0.65645	
3.74	0.1664	-0.65857	
3.75	0.15981	-0.66066	
3.76	0.1532	-0.6627	
3.77	0.14657	-0.6647	
3.78	0.13992	-0.66666	
3.79	0.13325	-0.66857	
3.8	0.12656	-0.67044	
3.81	0.11985	-0.67227	
3.82	0.11313	-0.67406	
3.83	0.10638	-0.67581	
3.84	0.099623	-0.67751	
3.85	0.092846	-0.67917	
3.86	0.086052	-0.68078	
3.87	0.079243	-0.68236	
3.88	0.072417	-0.68389	
3.89	0.065577	-0.68538	
3.9	0.058721	-0.68682	
3.91	0.051851	-0.68822	
3.92	0.044967	-0.68958	
3.93	0.038069	-0.6909	
3.94	0.031158	-0.69218	
3.95	0.024234	-0.69341	
3.96	0.017297	-0.69459	
3.97	0.010349	-0.69574	
3.98	0.0033881	-0.69684	
3.99	-0.0035837	-0.6979	
4	-0.010567	-0.69892	
4.01	-0.01756	-0.69989	
4.02	-0.024563	-0.70082	
4.03	-0.031577	-0.70171	
4.04	-0.038599	-0.70255	
4.05	-0.04563	-0.70335	
4.06	-0.052669	-0.70411	
4.07	-0.059717	-0.70483	
4.08	-0.066771	-0.7055	
4.09	-0.073832	-0.70612	
4.1	-0.0809	-0.70671	
4.11	-0.087973	-0.70725	
4.12	-0.095052	-0.70775	
4.13	-0.10214	-0.7082	
4.14	-0.10922	-0.70862	
4.15	-0.11632	-0.70899	
4.16	-0.12341	-0.70932	
4.17	-0.13051	-0.7096	
4.18	-0.13761	-0.70984	
4.19	-0.14472	-0.71004	
4.2	-0.15182	-0.7102	
4.21	-0.15893	-0.71032	
4.22	-0.16604	-0.71039	
4.23	-0.17315	-0.71043	
4.24	-0.18026	-0.71042	
4.25	-0.18737	-0.71036	
4.26	-0.19447	-0.71027	
4.27	-0.20158	-0.71014	
4.28	-0.20868	-0.70996	
4.29	-0.21579	-0.70974	
4.3	-0.22288	-0.70949	
4.31	-0.22998	-0.70919	
4.32	-0.23707	-0.70885	
4.33	-0.24416	-0.70846	
4.34	-0.25125	-0.70804	
4.35	-0.25833	-0.70758	
4.36	-0.2654	-0.70707	
4.37	-0.27247	-0.70653	
4.38	-0.27954	-0.70594	
4.39	-0.28659	-0.70532	
4.4	-0.29365	-0.70465	
4.41	-0.30069	-0.70395	
4.42	-0.30773	-0.7032	
4.43	-0.31475	-0.70241	
4.44	-0.32177	-0.70159	
4.45	-0.32878	-0.70072	
4.46	-0.33579	-0.69982	
4.47	-0.34278	-0.69887	
4.48	-0.34976	-0.69789	
4.49	-0.35673	-0.69687	
4.5	-0.36369	-0.6958	
4.51	-0.37064	-0.6947	
4.52	-0.37758	-0.69356	
4.53	-0.38451	-0.69238	
4.54	-0.39142	-0.69117	
4.55	-0.39833	-0.68991	
4.56	-0.40522	-0.68861	
4.57	-0.41209	-0.68728	
4.58	-0.41895	-0.68591	
4.59	-0.4258	-0.6845	
4.6	-0.43264	-0.68305	
4.61	-0.43946	-0.68157	
4.62	-0.44626	-0.68005	
4.63	-0.45305	-0.67848	
4.64	-0.45982	-0.67689	
4.65	-0.46658	-0.67525	
4.66	-0.47332	-0.67358	
4.67	-0.48004	-0.67187	
4.68	-0.48674	-0.67012	
4.69	-0.49343	-0.66834	
4.7	-0.5001	-0.66652	
4.71	-0.50675	-0.66466	
4.72	-0.51339	-0.66277	
4.73	-0.52	-0.66084	
4.74	-0.5266	-0.65887	
4.75	-0.53317	-0.65687	
4.76	-0.53973	-0.65484	
4.77	-0.54626	-0.65276	
4.78	-0.55278	-0.65065	
4.79	-0.55927	-0.64851	
4.8	-0.56574	-0.64633	
4.81	-0.57219	-0.64411	
4.82	-0.57862	-0.64186	
4.83	-0.58503	-0.63958	
4.84	-0.59141	-0.63726	
4.85	-0.59777	-0.63491	
4.86	-0.60411	-0.63252	
4.87	-0.61042	-0.63009	
4.88	-0.61671	-0.62763	
4.89	-0.62298	-0.62514	
4.9	-0.62922	-0.62261	
4.91	-0.63543	-0.62005	
4.92	-0.64162	-0.61746	
4.93	-0.64779	-0.61483	
4.94	-0.65392	-0.61217	
4.95	-0.66003	-0.60948	
4.96	-0.66612	-0.60676	
4.97	-0.67217	-0.604	
4.98	-0.6782	-0.60121	
4.99	-0.6842	-0.59839	
5	-0.69018	-0.59554	
5.01	-0.69612	-0.59266	
5.02	-0.70203	-0.58975	
5.03	-0.70792	-0.58681	
5.04	-0.71378	-0.58383	
5.05	-0.7196	-0.58083	
5.06	-0.7254	-0.57779	
5.07	-0.73117	-0.57473	
5.08	-0.7369	-0.57164	
5.09	-0.7426	-0.56852	
5.1	-0.74828	-0.56537	
5.11	-0.75392	-0.56219	
5.12	-0.75953	-0.55898	
5.13	-0.7651	-0.55575	
5.14	-0.77065	-0.55248	
5.15	-0.77616	-0.54919	
5.16	-0.78163	-0.54587	
5.17	-0.78708	-0.54253	
5.18	-0.79249	-0.53916	
5.19	-0.79787	-0.53576	
5.2	-0.80321	-0.53233	
5.21	-0.80852	-0.52888	
5.22	-0.81379	-0.5254	
5.23	-0.81903	-0.5219	
5.24	-0.82423	-0.51837	
5.25	-0.8294	-0.51481	
5.26	-0.83453	-0.51124	
5.27	-0.83962	-0.50763	
5.28	-0.84468	-0.504	
5.29	-0.8497	-0.50035	
5.3	-0.85469	-0.49667	
5.31	-0.85964	-0.49297	
5.32	-0.86455	-0.48924	
5.33	-0.86942	-0.48549	
5.34	-0.87426	-0.48172	
5.35	-0.87905	-0.47793	
5.36	-0.88381	-0.47411	
5.37	-0.88853	-0.47027	
5.38	-0.89322	-0.4664	
5.39	-0.89786	-0.46252	
5.4	-0.90246	-0.45861	
5.41	-0.90703	-0.45468	
5.42	-0.91155	-0.45073	
5.43	-0.91604	-0.44676	
5.44	-0.92048	-0.44276	
5.45	-0.92489	-0.43875	
5.46	-0.92925	-0.43471	
5.47	-0.93358	-0.43066	
5.48	-0.93786	-0.42658	
5.49	-0.9421	-0.42248	
5.5	-0.9463	-0.41836	
5.51	-0.95046	-0.41423	
5.52	-0.95458	-0.41007	
5.53	-0.95866	-0.4059	
5.54	-0.96269	-0.4017	
5.55	-0.96668	-0.39749	
5.56	-0.97063	-0.39325	
5.57	-0.97454	-0.389	
5.58	-0.97841	-0.38473	
5.59	-0.98223	-0.38044	
5.6	-0.98601	-0.37614	
5.61	-0.98975	-0.37181	
5.62	-0.99344	-0.36747	
5.63	-0.99709	-0.36311	
5.64	-1.0007	-0.35874	
5.65	-1.0043	-0.35434	
5.66	-1.0078	-0.34993	
5.67	-1.0113	-0.3455	
5.68	-1.0147	-0.34106	
5.69	-1.0181	-0.3366	
5.7	-1.0214	-0.33212	
5.71	-1.0247	-0.32763	
5.72	-1.028	-0.32312	
5.73	-1.0312	-0.3186	
5.74	-1.0343	-0.31406	
5.75	-1.0375	-0.3095	
5.76	-1.0405	-0.30493	
5.77	-1.0436	-0.30035	
5.78	-1.0465	-0.29575	
5.79	-1.0495	-0.29114	
5.8	-1.0524	-0.28652	
5.81	-1.0552	-0.28188	
5.82	-1.058	-0.27723	
5.83	-1.0607	-0.27257	
5.84	-1.0634	-0.2679	
5.85	-1.0661	-0.26321	
5.86	-1.0687	-0.25851	
5.87	-1.0713	-0.2538	
5.88	-1.0738	-0.24908	
5.89	-1.0762	-0.24435	
5.9	-1.0787	-0.23961	
5.91	-1.081	-0.23486	
5.92	-1.0834	-0.2301	
5.93	-1.0856	-0.22533	
5.94	-1.0879	-0.22055	
5.95	-1.09	-0.21576	
5.96	-1.0922	-0.21096	
5.97	-1.0943	-0.20615	
5.98	-1.0963	-0.20134	
5.99	-1.0983	-0.19651	
6	-1.1002	-0.19168	
6.01	-1.1021	-0.18684	
6.02	-1.104	-0.182	
6.03	-1.1058	-0.17714	
6.04	-1.1075	-0.17229	
6.05	-1.1092	-0.16742	
6.06	-1.1109	-0.16255	
6.07	-1.1125	-0.15767	
6.08	-1.114	-0.15279	
6.09	-1.1155	-0.1479	
6.1	-1.117	-0.143	
6.11	-1.1184	-0.1381	
6.12	-1.1197	-0.1332	
6.13	-1.121	-0.12829	
6.14	-1.1223	-0.12338	
6.15	-1.1235	-0.11846	
6.16	-1.1247	-0.11354	
6.17	-1.1258	-0.10862	
6.18	-1.1268	-0.10369	
6.19	-1.1278	-0.098758	
6.2	-1.1288	-0.093825	
6.21	-1.1297	-0.088889	
6.22	-1.1306	-0.08395	
6.23	-1.1314	-0.07901	
6.24	-1.1322	-0.074067	
6.25	-1.1329	-0.069123	
6.26	-1.1336	-0.064177	
6.27	-1.1342	-0.05923	
6.28	-1.1347	-0.054282	
6.29	-1.1353	-0.049333	
6.3	-1.1357	-0.044383	
6.31	-1.1362	-0.039433	
6.32	-1.1365	-0.034483	
6.33	-1.1368	-0.029532	
6.34	-1.1371	-0.024582	
6.35	-1.1373	-0.019632	
6.36	-1.1375	-0.014683	
6.37	-1.1376	-0.0097343	
6.38	-1.1377	-0.0047866	
6.39	-1.1377	0.00015983	
6.4	-1.1377	0.005105	
6.41	-1.1376	0.010049	
6.42	-1.1375	0.01499	
6.43	-1.1373	0.01993	
6.44	-1.1371	0.024868	
6.45	-1.1368	0.029804	
6.46	-1.1365	0.034737	
6.47	-1.1361	0.039667	
6.48	-1.1357	0.044595	
6.49	-1.1352	0.04952	
6.5	-1.1347	0.054441	
6.51	-1.1342	0.059359	
6.52	-1.1335	0.064274	
6.53	-1.1329	0.069185	
6.54	-1.1322	0.074092	
6.55	-1.1314	0.078995	
6.56	-1.1306	0.083893	
6.57	-1.1297	0.088788	
6.58	-1.1288	0.093678	
6.59	-1.1278	0.098562	
6.6	-1.1268	0.10344	
6.61	-1.1258	0.10831	
6.62	-1.1247	0.11318	
6.63	-1.1235	0.11804	
6.64	-1.1223	0.1229	
6.65	-1.121	0.12775	
6.66	-1.1197	0.13259	
6.67	-1.1184	0.13742	
6.68	-1.117	0.14225	
6.69	-1.1155	0.14707	
6.7	-1.114	0.15188	
6.71	-1.1125	0.15668	
6.72	-1.1109	0.16147	
6.73	-1.1093	0.16626	
6.74	-1.1076	0.17104	
6.75	-1.1058	0.1758	
6.76	-1.104	0.18056	
6.77	-1.1022	0.18531	
6.78	-1.1003	0.19005	
6.79	-1.0984	0.19478	
6.8	-1.0964	0.1995	
6.81	-1.0944	0.20421	
6.82	-1.0923	0.20891	
6.83	-1.0902	0.2136	
6.84	-1.0881	0.21827	
6.85	-1.0859	0.22294	
6.86	-1.0836	0.22759	
6.87	-1.0813	0.23224	
6.88	-1.079	0.23687	
6.89	-1.0766	0.24149	
6.9	-1.0741	0.24609	
6.91	-1.0716	0.25069	
6.92	-1.0691	0.25527	
6.93	-1.0665	0.25984	
6.94	-1.0639	0.26439	
6.95	-1.0612	0.26894	
6.96	-1.0585	0.27347	
6.97	-1.0558	0.27798	
6.98	-1.053	0.28249	
6.99	-1.0501	0.28697	
7	-1.0472	0.29145	
7.01	-1.0443	0.29591	
7.02	-1.0413	0.30036	
7.03	-1.0383	0.30479	
7.04	-1.0352	0.3092	
7.05	-1.0321	0.3136	
7.06	-1.029	0.31799	
7.07	-1.0258	0.32236	
7.08	-1.0225	0.32672	
7.09	-1.0192	0.33106	
7.1	-1.0159	0.33538	
7.11	-1.0125	0.33969	
7.12	-1.0091	0.34398	
7.13	-1.0056	0.34826	
7.14	-1.0021	0.35252	
7.15	-0.9986	0.35676	
7.16	-0.99502	0.36099	
7.17	-0.99139	0.36519	
7.18	-0.98772	0.36939	
7.19	-0.98401	0.37356	
7.2	-0.98025	0.37772	
7.21	-0.97646	0.38186	
7.22	-0.97262	0.38598	
7.23	-0.96874	0.39008	
7.24	-0.96482	0.39417	
7.25	-0.96086	0.39824	
7.26	-0.95686	0.40229	
7.27	-0.95282	0.40632	
7.28	-0.94874	0.41033	
7.29	-0.94462	0.41433	
7.3	-0.94046	0.4183	
7.31	-0.93626	0.42226	
7.32	-0.93201	0.42619	
7.33	-0.92773	0.43011	
7.34	-0.92341	0.43401	
7.35	-0.91906	0.43789	
7.36	-0.91466	0.44175	
7.37	-0.91022	0.44559	
7.38	-0.90575	0.44941	
7.39	-0.90123	0.45321	
7.4	-0.89668	0.45699	
7.41	-0.89209	0.46075	
7.42	-0.88746	0.46449	
7.43	-0.88279	0.4682	
7.44	-0.87809	0.4719	
7.45	-0.87334	0.47558	
7.46	-0.86856	0.47923	
7.47	-0.86375	0.48286	
7.48	-0.85889	0.48647	
7.49	-0.85401	0.49006	
7.5	-0.84908	0.49363	
7.51	-0.84412	0.49717	
7.52	-0.83912	0.5007	
7.53	-0.83409	0.5042	
7.54	-0.82902	0.50768	
7.55	-0.82392	0.51113	
7.56	-0.81878	0.51456	
7.57	-0.81361	0.51797	
7.58	-0.80841	0.52136	
7.59	-0.80317	0.52472	
7.6	-0.79789	0.52806	
7.61	-0.79259	0.53138	
7.62	-0.78725	0.53467	
7.63	-0.78188	0.53794	
7.64	-0.77648	0.54119	
7.65	-0.77104	0.54441	
7.66	-0.76557	0.54761	
7.67	-0.76007	0.55078	
7.68	-0.75454	0.55393	
7.69	-0.74898	0.55705	
7.7	-0.74339	0.56015	
7.71	-0.73777	0.56323	
7.72	-0.73211	0.56628	
7.73	-0.72643	0.56931	
7.74	-0.72072	0.57231	
7.75	-0.71497	0.57528	
7.76	-0.7092	0.57823	
7.77	-0.7034	0.58116	
7.78	-0.69757	0.58406	
7.79	-0.69171	0.58693	
7.8	-0.68583	0.58978	
7.81	-0.67991	0.5926	
7.82	-0.67397	0.5954	
7.83	-0.668	0.59817	
7.84	-0.662	0.60092	
7.85	-0.65598	0.60364	
7.86	-0.64993	0.60633	
7.87	-0.64385	0.609	
7.88	-0.63775	0.61164	
7.89	-0.63162	0.61425	
7.9	-0.62547	0.61684	
7.91	-0.61929	0.6194	
7.92	-0.61309	0.62193	
7.93	-0.60686	0.62444	
7.94	-0.6006	0.62692	
7.95	-0.59433	0.62937	
7.96	-0.58802	0.63179	
7.97	-0.5817	0.63419	
7.98	-0.57535	0.63656	
7.99	-0.56898	0.63891	
8	-0.56258	0.64122	
8.01	-0.55616	0.64351	
8.02	-0.54972	0.64577	
8.03	-0.54326	0.64801	
8.04	-0.53677	0.65021	
8.05	-0.53027	0.65239	
8.06	-0.52374	0.65454	
8.07	-0.51719	0.65666	
8.08	-0.51062	0.65876	
8.09	-0.50403	0.66083	
8.1	-0.49742	0.66286	
8.11	-0.49079	0.66488	
8.12	-0.48414	0.66686	
8.13	-0.47747	0.66881	
8.14	-0.47078	0.67074	
8.15	-0.46407	0.67263	
8.16	-0.45734	0.6745	
8.17	-0.45059	0.67634	
8.18	-0.44383	0.67816	
8.19	-0.43704	0.67994	
8.2	-0.43024	0.68169	
8.21	-0.42343	0.68342	
8.22	-0.41659	0.68512	
8.23	-0.40974	0.68679	
8.24	-0.40287	0.68843	
8.25	-0.39598	0.69004	
8.26	-0.38908	0.69162	
8.27	-0.38216	0.69317	
8.28	-0.37523	0.6947	
8.29	-0.36828	0.69619	
8.3	-0.36131	0.69766	
8.31	-0.35433	0.6991	
8.32	-0.34734	0.70051	
8.33	-0.34033	0.70189	
8.34	-0.33331	0.70324	
8.35	-0.32627	0.70456	
8.36	-0.31922	0.70585	
8.37	-0.31216	0.70711	
8.38	-0.30508	0.70835	
8.39	-0.29799	0.70955	
8.4	-0.29089	0.71072	
8.41	-0.28377	0.71187	
8.42	-0.27664	0.71298	
8.43	-0.26951	0.71406	
8.44	-0.26236	0.71512	
8.45	-0.25519	0.71614	
8.46	-0.24802	0.71713	
8.47	-0.24084	0.71809	
8.48	-0.23365	0.71902	
8.49	-0.22645	0.71993	
8.5	-0.21924	0.7208	
8.51	-0.21202	0.72164	
8.52	-0.20479	0.72245	
8.53	-0.19756	0.72323	
8.54	-0.19031	0.72398	
8.55	-0.18306	0.72471	
8.56	-0.1758	0.7254	
8.57	-0.16854	0.72606	
8.58	-0.16127	0.72669	
8.59	-0.15399	0.72729	
8.6	-0.14671	0.72786	
8.61	-0.13942	0.7284	
8.62	-0.13212	0.72891	
8.63	-0.12482	0.7294	
8.64	-0.11752	0.72985	
8.65	-0.11021	0.73027	
8.66	-0.1029	0.73066	
8.67	-0.095587	0.73102	
8.68	-0.088268	0.73135	
8.69	-0.080947	0.73166	
8.7	-0.073623	0.73193	
8.71	-0.066297	0.73217	
8.72	-0.058968	0.73238	
8.73	-0.051638	0.73257	
8.74	-0.044307	0.73272	
8.75	-0.036975	0.73284	
8.76	-0.029641	0.73294	
8.77	-0.022308	0.733	
8.78	-0.014974	0.73304	
8.79	-0.0076406	0.73304	
8.8	-0.00030755	0.73302	
8.81	0.0070247	0.73296	
8.82	0.014356	0.73288	
8.83	0.021686	0.73277	
8.84	0.029014	0.73262	
8.85	0.03634	0.73245	
8.86	0.043664	0.73225	
8.87	0.050985	0.73202	
8.88	0.058304	0.73176	
8.89	0.065619	0.73147	
8.9	0.072931	0.73115	
8.91	0.080239	0.7308	
8.92	0.087543	0.73042	
8.93	0.094842	0.73001	
8.94	0.10214	0.72957	
8.95	0.10943	0.72911	
8.96	0.11671	0.72861	
8.97	0.12399	0.72809	
8.98	0.13127	0.72753	
8.99	0.13853	0.72695	
9	0.1458	0.72634	
9.01	0.15305	0.7257	
9.02	0.1603	0.72503	
9.03	0.16754	0.72433	
9.04	0.17477	0.7236	
9.05	0.182	0.72284	
9.06	0.18922	0.72205	
9.07	0.19643	0.72124	
9.08	0.20363	0.72039	
9.09	0.21082	0.71952	
9.1	0.218	0.71862	
9.11	0.22518	0.71769	
9.12	0.23234	0.71673	
9.13	0.2395	0.71574	
9.14	0.24664	0.71472	
9.15	0.25378	0.71367	
9.16	0.2609	0.7126	
9.17	0.26801	0.71149	
9.18	0.27512	0.71036	
9.19	0.28221	0.7092	
9.2	0.28928	0.70801	
9.21	0.29635	0.70679	
9.22	0.30341	0.70555	
9.23	0.31045	0.70427	
9.24	0.31748	0.70297	
9.25	0.3245	0.70163	
9.26	0.3315	0.70027	
9.27	0.33849	0.69889	
9.28	0.34547	0.69747	
9.29	0.35243	0.69602	
9.3	0.35938	0.69455	
9.31	0.36631	0.69305	
9.32	0.37323	0.69152	
9.33	0.38014	0.68996	
9.34	0.38703	0.68837	
9.35	0.3939	0.68676	
9.36	0.40076	0.68511	
9.37	0.40761	0.68344	
9.38	0.41443	0.68175	
9.39	0.42124	0.68002	
9.4	0.42803	0.67827	
9.41	0.43481	0.67649	
9.42	0.44156	0.67468	
9.43	0.4483	0.67285	
9.44	0.45502	0.67099	
9.45	0.46172	0.6691	
9.46	0.4684	0.66719	
9.47	0.47506	0.66524	
9.48	0.48171	0.66328	
9.49	0.48833	0.66128	
9.5	0.49493	0.65926	
9.51	0.50152	0.65722	
9.52	0.50808	0.65515	
9.53	0.51462	0.65305	
9.54	0.52114	0.65092	
9.55	0.52764	0.64877	
9.56	0.53412	0.6466	
9.57	0.54057	0.6444	
9.58	0.547	0.64217	
9.59	0.55342	0.63992	
9.6	0.5598	0.63764	
9.61	0.56617	0.63534	
9.62	0.57251	0.63301	
9.63	0.57883	0.63066	
9.64	0.58512	0.62828	
9.65	0.59139	0.62588	
9.66	0.59764	0.62345	
9.67	0.60386	0.621	
9.68	0.61006	0.61853	
9.69	0.61623	0.61603	
9.7	0.62238	0.61351	
9.71	0.6285	0.61096	
9.72	0.6346	0.60839	
9.73	0.64067	0.60579	
9.74	0.64672	0.60317	
9.75	0.65273	0.60053	
9.76	0.65873	0.59786	
9.77	0.66469	0.59517	
9.78	0.67063	0.59246	
9.79	0.67654	0.58972	
9.8	0.68242	0.58696	
9.81	0.68828	0.58418	
9.82	0.69411	0.58137	
9.83	0.69991	0.57854	
9.84	0.70568	0.57569	
9.85	0.71142	0.57282	
9.86	0.71713	0.56992	
9.87	0.72282	0.567	
9.88	0.72847	0.56406	
9.89	0.7341	0.5611	
9.9	0.73969	0.55812	
9.91	0.74526	0.55511	
9.92	0.75079	0.55208	
9.93	0.7563	0.54903	
9.94	0.76177	0.54596	
9.95	0.76722	0.54286	
9.96	0.77263	0.53975	
9.97	0.77801	0.53661	
9.98	0.78336	0.53345	
9.99	0.78868	0.53027	
10	0.79397	0.52707	
