Time	u_1	var_u1	
0	1.5377	1	
0.01	2.8339	1	
0.02	-1.2589	1	
0.03	1.862	1	
0.04	1.3184	1	
0.05	-0.30818	1	
0.06	0.5657	1	
0.07	1.3417	1	
0.08	4.5771	1	
0.09	3.7678	1	
0.1	-0.35186	1	
0.11	4.0325	1	
0.12	1.7226	1	
0.13	0.93361	1	
0.14	1.7109	1	
0.15	0.7906	1	
0.16	0.87081	1	
0.17	2.484	1	
0.18	2.4026	1	
0.19	2.4101	1	
0.2	1.6636	1	
0.21	-0.21618	1	
0.22	1.7077	1	
0.23	2.6198	1	
0.24	1.4775	1	
0.25	2.0224	1	
0.26	1.7136	1	
0.27	0.6822	1	
0.28	1.2784	1	
0.29	0.19616	1	
0.3	1.8707	1	
0.31	-0.16598	1	
0.32	-0.089015	1	
0.33	0.16908	1	
0.34	-1.967	1	
0.35	2.4143	1	
0.36	1.2997	1	
0.37	0.21817	1	
0.38	2.3419	1	
0.39	-0.74139	1	
0.4	0.86634	1	
0.41	0.72555	1	
0.42	1.2846	1	
0.43	1.2766	1	
0.44	0.097148	1	
0.45	0.93024	1	
0.46	0.79364	1	
0.47	1.5844	1	
0.48	2.0481	1	
0.49	2.0623	1	
0.5	0.087404	1	
0.51	1.0265	1	
0.52	-0.26702	1	
0.53	-0.16844	1	
0.54	0.93614	1	
0.55	2.4735	1	
0.56	0.16907	1	
0.57	1.3079	1	
0.58	0.70874	1	
0.59	2.0494	1	
0.6	-0.15929	1	
0.61	0.96	1	
0.62	1.4776	1	
0.63	2.0233	1	
0.64	2.4644	1	
0.65	1.0037	1	
0.66	-0.57635	1	
0.67	0.17039	1	
0.68	-0.15148	1	
0.69	3.2579	1	
0.7	0.28923	1	
0.71	1.6502	1	
0.72	0.70699	1	
0.73	1.7853	1	
0.74	0.12899	1	
0.75	-0.51126	1	
0.76	-0.53424	1	
0.77	1.3734	1	
0.78	0.70492	1	
0.79	0.68326	1	
0.8	2.2956	1	
0.81	1.1648	1	
0.82	1.068	1	
0.83	2.4548	1	
0.84	0.059457	1	
0.85	1.5574	1	
0.86	1.6926	1	
0.87	0.61056	1	
0.88	1.0667	1	
0.89	-0.31817	1	
0.9	-0.30362	1	
0.91	0.94582	1	
0.92	1.5598	1	
0.93	3.4196	1	
0.94	0.16371	1	
0.95	1.0144	1	
0.96	0.74104	1	
0.97	-1.1131	1	
0.98	0.37737	1	
0.99	-0.98198	1	
1	1.6494	1	
1.01	-0.082724	1	
1.02	0.90166	1	
1.03	0.25327	1	
1.04	1.0975	1	
1.05	0.18983	1	
1.06	1.2763	1	
1.07	1.5218	1	
1.08	2.4904	1	
1.09	0.58038	1	
1.1	-1.3678	1	
1.11	-0.073096	1	
1.12	2.117	1	
1.13	-0.31379	1	
1.14	1.7152	1	
1.15	0.87416	1	
1.16	2.1826	1	
1.17	-1.2192	1	
1.18	0.53981	1	
1.19	-0.47459	1	
1.2	3.637	1	
1.21	1.5499	1	
1.22	2.0993	1	
1.23	-0.34224	1	
1.24	0.24292	1	
1.25	0.43464	1	
1.26	1.8011	1	
1.27	0.42029	1	
1.28	1.3952	1	
1.29	-1.3627	1	
1.3	0.3307	1	
1.31	-0.14363	1	
1.32	-0.90172	1	
1.33	1.1787	1	
1.34	0.948	1	
1.35	0.69479	1	
1.36	-0.67709	1	
1.37	1.7793	1	
1.38	0.99724	1	
1.39	0.34319	1	
1.4	0.66031	1	
1.41	0.37057	1	
1.42	-1.1225	1	
1.43	0.33714	1	
1.44	-0.21351	1	
1.45	-0.3663	1	
1.46	-0.54847	1	
1.47	0.069372	1	
1.48	-1.4047	1	
1.49	1.5571	1	
1.5	1.1078	1	
1.51	0.56266	1	
1.52	0.5428	1	
1.53	-0.22573	1	
1.54	1.586	1	
1.55	0.42887	1	
1.56	-0.15765	1	
1.57	1.903	1	
1.58	0.32162	1	
1.59	-0.047908	1	
1.6	0.24207	1	
1.61	-0.31742	1	
1.62	-0.59495	1	
1.63	3.0458	1	
1.64	2.1699	1	
1.65	0.81658	1	
1.66	-0.7535	1	
1.67	-0.36728	1	
1.68	0.31619	1	
1.69	1.2787	1	
1.7	-0.85025	1	
1.71	-1.8536	1	
1.72	-0.97839	1	
1.73	0.79866	1	
1.74	0.85093	1	
1.75	0.90567	1	
1.76	0.3181	1	
1.77	0.62645	1	
1.78	-0.039037	1	
1.79	1.2935	1	
1.8	-0.93592	1	
1.81	0.87512	1	
1.82	-0.43433	1	
1.83	0.073762	1	
1.84	0.95569	1	
1.85	1.4362	1	
1.86	-0.72627	1	
1.87	1.6462	1	
1.88	1.0399	1	
1.89	0.30609	1	
1.9	0.1729	1	
1.91	0.14467	1	
1.92	0.053304	1	
1.93	0.37358	1	
1.94	0.39593	1	
1.95	1.1648	1	
1.96	1.8598	1	
1.97	0.7938	1	
1.98	0.11123	1	
1.99	0.94018	1	
2	0.49224	1	
2.01	-0.72673	1	
2.02	1.2463	1	
2.03	0.5981	1	
2.04	0.42019	1	
2.05	0.79424	1	
2.06	0.53436	1	
2.07	-0.67458	1	
2.08	0.098504	1	
2.09	0.10872	1	
2.1	-0.28332	1	
2.11	1.9247	1	
2.12	-0.63923	1	
2.13	-0.25343	1	
2.14	-0.48773	1	
2.15	-0.95607	1	
2.16	0.019768	1	
2.17	-0.068208	1	
2.18	1.7298	1	
2.19	-0.055475	1	
2.2	-0.87683	1	
2.21	1.7847	1	
2.22	1.4097	1	
2.23	-0.060793	1	
2.24	-1.3435	1	
2.25	-0.28819	1	
2.26	-0.0057154	1	
2.27	0.42008	1	
2.28	-0.12337	1	
2.29	0.57499	1	
2.3	0.51723	1	
2.31	-1.1316	1	
2.32	-0.8351	1	
2.33	-0.63449	1	
2.34	-0.40746	1	
2.35	-0.22647	1	
2.36	0.10032	1	
2.37	-2.9476	1	
2.38	-0.38169	1	
2.39	1.3115	1	
2.4	-1.0039	1	
2.41	0.99025	1	
2.42	0.40057	1	
2.43	0.014962	1	
2.44	0.22014	1	
2.45	-1.5336	1	
2.46	-0.059409	1	
2.47	1.6228	1	
2.48	0.11091	1	
2.49	0.047657	1	
2.5	-0.73417	1	
2.51	-0.037097	1	
2.52	0.21978	1	
2.53	0.40754	1	
2.54	-0.39794	1	
2.55	-0.26787	1	
2.56	1.986	1	
2.57	-2.3023	1	
2.58	2.1792	1	
2.59	0.28105	1	
2.6	0.93727	1	
2.61	-1.7332	1	
2.62	-0.66536	1	
2.63	-0.35965	1	
2.64	0.33486	1	
2.65	-1.7643	1	
2.66	0.37127	1	
2.67	-1.3195	1	
2.68	-0.046666	1	
2.69	0.53326	1	
2.7	0.20173	1	
2.71	0.95107	1	
2.72	0.86829	1	
2.73	-0.79492	1	
2.74	0.10683	1	
2.75	-1.1008	1	
2.76	-1.4844	1	
2.77	0.75599	1	
2.78	-0.17497	1	
2.79	-0.23612	1	
2.8	0.72375	1	
2.81	0.40103	1	
2.82	0.15049	1	
2.83	1.0444	1	
2.84	0.71778	1	
2.85	0.02162	1	
2.86	-0.91463	1	
2.87	-0.88194	1	
2.88	0.9556	1	
2.89	-1.8544	1	
2.9	-0.27315	1	
2.91	-2.2036	1	
2.92	0.75966	1	
2.93	0.59481	1	
2.94	-0.27179	1	
2.95	-0.34983	1	
2.96	-2.7713	1	
2.97	0.29014	1	
2.98	-2.4895	1	
2.99	-2.6223	1	
3	-0.22908	1	
3.01	-1.2635	1	
3.02	0.090547	1	
3.03	0.35009	1	
3.04	0.52491	1	
3.05	-1.0299	1	
3.06	0.10473	1	
3.07	-0.2499	1	
3.08	0.46966	1	
3.09	0.17388	1	
3.1	0.52976	1	
3.11	-0.5059	1	
3.12	-0.52698	1	
3.13	0.62219	1	
3.14	-2.515	1	
3.15	-0.90173	1	
3.16	-1.6735	1	
3.17	-0.79123	1	
3.18	0.2343	1	
3.19	0.40564	1	
3.2	-1.4407	1	
3.21	-0.90253	1	
3.22	-0.30009	1	
3.23	-0.73462	1	
3.24	-0.14656	1	
3.25	-0.05406	1	
3.26	-1.3895	1	
3.27	-0.64198	1	
3.28	-2.6028	1	
3.29	0.66912	1	
3.3	-1.1108	1	
3.31	-1.6911	1	
3.32	-0.74667	1	
3.33	-1.9268	1	
3.34	-0.52448	1	
3.35	-1.0697	1	
3.36	1.6633	1	
3.37	0.61865	1	
3.38	-3.0221	1	
3.39	-0.089184	1	
3.4	-1.934	1	
3.41	-0.79618	1	
3.42	-0.38199	1	
3.43	0.19609	1	
3.44	-0.82992	1	
3.45	1.0142	1	
3.46	-1.0482	1	
3.47	-0.24492	1	
3.48	0.087161	1	
3.49	-0.4975	1	
3.5	0.29317	1	
3.51	-0.26964	1	
3.52	-1.3821	1	
3.53	-2.4083	1	
3.54	1.2507	1	
3.55	-1.2174	1	
3.56	-0.5145	1	
3.57	-0.059621	1	
3.58	-0.51409	1	
3.59	-1.5373	1	
3.6	-1.1051	1	
3.61	-0.76714	1	
3.62	0.8319	1	
3.63	-1.5126	1	
3.64	0.12808	1	
3.65	-0.35269	1	
3.66	-0.89987	1	
3.67	-1.7277	1	
3.68	-0.95947	1	
3.69	-0.76664	1	
3.7	-2.1539	1	
3.71	-0.49693	1	
3.72	-1.5159	1	
3.73	-0.79241	1	
3.74	-0.36644	1	
3.75	-1.6118	1	
3.76	-0.99979	1	
3.77	-0.36587	1	
3.78	-2.5562	1	
3.79	0.31132	1	
3.8	1.6955	1	
3.81	0.22615	1	
3.82	-1.0533	1	
3.83	-0.31312	1	
3.84	-1.7819	1	
3.85	1.1278	1	
3.86	0.18645	1	
3.87	0.028984	1	
3.88	-1.6383	1	
3.89	-0.44654	1	
3.9	-1.3288	1	
3.91	-1.0859	1	
3.92	-1.3485	1	
3.93	-1.8081	1	
3.94	-1.695	1	
3.95	-1.0001	1	
3.96	-2.4929	1	
3.97	-0.19019	1	
3.98	-0.91937	1	
3.99	-0.10615	1	
4	-0.53937	1	
4.01	-0.31841	1	
4.02	-2.2995	1	
4.03	-1.8402	1	
4.04	-1.2705	1	
4.05	-0.71742	1	
4.06	0.29814	1	
4.07	-1.124	1	
4.08	0.42402	1	
4.09	-0.36552	1	
4.1	0.32979	1	
4.11	-0.72073	1	
4.12	-1.5078	1	
4.13	-2.3357	1	
4.14	-0.70204	1	
4.15	-0.042191	1	
4.16	-1.1565	1	
4.17	-1.4079	1	
4.18	-1.1788	1	
4.19	-1.9699	1	
4.2	-1.3693	1	
4.21	-1.0601	1	
4.22	-0.83645	1	
4.23	-0.94901	1	
4.24	-0.2768	1	
4.25	-0.78169	1	
4.26	0.92017	1	
4.27	-0.58462	1	
4.28	0.90509	1	
4.29	-1.6253	1	
4.3	-0.37828	1	
4.31	-1.1677	1	
4.32	-0.30996	1	
4.33	-0.31876	1	
4.34	-3.1013	1	
4.35	-2.2448	1	
4.36	-2.3612	1	
4.37	-0.52083	1	
4.38	0.54512	1	
4.39	-1.2543	1	
4.4	-0.11745	1	
4.41	-0.38653	1	
4.42	-1.986	1	
4.43	-0.53908	1	
4.44	-1.6906	1	
4.45	0.57539	1	
4.46	-0.97556	1	
4.47	0.69094	1	
4.48	-1.3722	1	
4.49	-0.35966	1	
4.5	-1.0138	1	
4.51	-2.9749	1	
4.52	-1.937	1	
4.53	-0.3442	1	
4.54	-1.0134	1	
4.55	-2.079	1	
4.56	-1.5884	1	
4.57	-0.71421	1	
4.58	-1.9584	1	
4.59	0.0079487	1	
4.6	-1.6093	1	
4.61	0.83874	1	
4.62	-2.0515	1	
4.63	-0.77391	1	
4.64	-2.4956	1	
4.65	-1.6995	1	
4.66	-1.5705	1	
4.67	-0.57724	1	
4.68	-0.037722	1	
4.69	-0.6806	1	
4.7	-1.3554	1	
4.71	-0.16796	1	
4.72	-0.18568	1	
4.73	-0.86544	1	
4.74	-0.41544	1	
4.75	-0.57489	1	
4.76	-1.9756	1	
4.77	-0.23001	1	
4.78	-1.6477	1	
4.79	-1.5952	1	
4.8	-0.81517	1	
4.81	-1.3004	1	
4.82	-1.1254	1	
4.83	-0.39894	1	
4.84	0.051882	1	
4.85	-1.1935	1	
4.86	-0.66846	1	
4.87	-1.235	1	
4.88	-0.76756	1	
4.89	-0.55761	1	
4.9	-1.6149	1	
4.91	-0.72356	1	
4.92	-0.39763	1	
4.93	-0.90672	1	
4.94	0.73055	1	
4.95	-1.6081	1	
4.96	-1.7367	1	
4.97	-2.7497	1	
4.98	-0.089438	1	
4.99	-0.1329	1	
5	-1.0799	1	
5.01	-0.1015	1	
5.02	-0.81622	1	
5.03	-0.70903	1	
5.04	-0.88674	1	
5.05	-0.55955	1	
5.06	-0.89763	1	
5.07	1.7883	1	
5.08	-2.1654	1	
5.09	-2.8527	1	
5.1	-2.1387	1	
5.11	-2.091	1	
5.12	-1.4308	1	
5.13	-1.1651	1	
5.14	-1.2147	1	
5.15	-0.45423	1	
5.16	-0.60568	1	
5.17	-0.24307	1	
5.18	0.78464	1	
5.19	0.23018	1	
5.2	-2.2754	1	
5.21	-3.3203	1	
5.22	-0.08853	1	
5.23	-2.8252	1	
5.24	-0.92189	1	
5.25	-0.95221	1	
5.26	1.2405	1	
5.27	-1.0549	1	
5.28	-1.4919	1	
5.29	-0.74764	1	
5.3	-0.73648	1	
5.31	-0.91105	1	
5.32	-1.5884	1	
5.33	-2.2012	1	
5.34	-0.66077	1	
5.35	-2.3188	1	
5.36	-2.0067	1	
5.37	0.35812	1	
5.38	-1.3905	1	
5.39	-1.1104	1	
5.4	-0.068761	1	
5.41	-1.2671	1	
5.42	0.063984	1	
5.43	-1.3088	1	
5.44	0.050774	1	
5.45	-0.33096	1	
5.46	-1.1715	1	
5.47	-1.8224	1	
5.48	-1.998	1	
5.49	-1.223	1	
5.5	-1.3892	1	
5.51	-1.3578	1	
5.52	0.036447	1	
5.53	-1.2428	1	
5.54	0.20069	1	
5.55	-1.4725	1	
5.56	0.033832	1	
5.57	-1.4588	1	
5.58	-0.75775	1	
5.59	0.038667	1	
5.6	-1.3437	1	
5.61	-1.3657	1	
5.62	1.0783	1	
5.63	0.028321	1	
5.64	-1.3522	1	
5.65	-0.26881	1	
5.66	-1.2753	1	
5.67	-0.20681	1	
5.68	0.50574	1	
5.69	-2.512	1	
5.7	0.12403	1	
5.71	0.55583	1	
5.72	-0.85193	1	
5.73	0.84962	1	
5.74	-0.73845	1	
5.75	-2.1281	1	
5.76	-3.0816	1	
5.77	-1.2186	1	
5.78	-0.16875	1	
5.79	-0.56191	1	
5.8	-0.4627	1	
5.81	-1.4503	1	
5.82	-0.72618	1	
5.83	-2.5057	1	
5.84	-1.624	1	
5.85	-1.6795	1	
5.86	-0.3378	1	
5.87	-0.86844	1	
5.88	-2.0065	1	
5.89	-0.8572	1	
5.9	-1.5341	1	
5.91	-1.5076	1	
5.92	0.026621	1	
5.93	-0.72066	1	
5.94	-0.43223	1	
5.95	0.056889	1	
5.96	-0.64327	1	
5.97	-0.2691	1	
5.98	-0.13337	1	
5.99	0.35791	1	
6	-0.33316	1	
6.01	0.60692	1	
6.02	-0.77896	1	
6.03	-0.84566	1	
6.04	0.90734	1	
6.05	-1.2999	1	
6.06	-0.78914	1	
6.07	0.13748	1	
6.08	-0.62865	1	
6.09	0.63043	1	
6.1	0.26361	1	
6.11	-0.47492	1	
6.12	-1.5401	1	
6.13	-0.19167	1	
6.14	-2.1369	1	
6.15	-0.50564	1	
6.16	0.062498	1	
6.17	-0.5287	1	
6.18	0.14216	1	
6.19	1.3056	1	
6.2	0.19496	1	
6.21	-0.45774	1	
6.22	-0.078648	1	
6.23	-0.29045	1	
6.24	-2.0263	1	
6.25	-1.1235	1	
6.26	0.52204	1	
6.27	-0.74175	1	
6.28	-0.11123	1	
6.29	-1.6956	1	
6.3	-0.62003	1	
6.31	-0.079661	1	
6.32	-2.0368	1	
6.33	-0.32309	1	
6.34	-0.84786	1	
6.35	-1.6008	1	
6.36	-0.69412	1	
6.37	-2.5481	1	
6.38	-2.775	1	
6.39	-1.8192	1	
6.4	-1.628	1	
6.41	-1.8056	1	
6.42	-2.3531	1	
6.43	-0.33456	1	
6.44	-2.212	1	
6.45	-0.50269	1	
6.46	0.17914	1	
6.47	-0.60516	1	
6.48	-0.5048	1	
6.49	-0.97101	1	
6.5	-2.0705	1	
6.51	-0.62651	1	
6.52	0.38325	1	
6.53	1.1658	1	
6.54	-0.99748	1	
6.55	-2.1894	1	
6.56	-0.39053	1	
6.57	-0.17538	1	
6.58	-0.77334	1	
6.59	-1.69	1	
6.6	1.4885	1	
6.61	-2.89	1	
6.62	-1.0351	1	
6.63	-1.8414	1	
6.64	-1.1506	1	
6.65	-0.19119	1	
6.66	-0.36558	1	
6.67	-1.2089	1	
6.68	0.28428	1	
6.69	0.13514	1	
6.7	0.16563	1	
6.71	-0.90187	1	
6.72	0.57788	1	
6.73	0.19556	1	
6.74	2.0492	1	
6.75	0.60947	1	
6.76	0.70854	1	
6.77	-0.38978	1	
6.78	-1.7255	1	
6.79	-0.80268	1	
6.8	-1.1836	1	
6.81	-0.98405	1	
6.82	0.14076	1	
6.83	-0.96543	1	
6.84	-1.298	1	
6.85	-0.80648	1	
6.86	-0.55226	1	
6.87	0.02375	1	
6.88	-1.3324	1	
6.89	-0.056642	1	
6.9	-0.2901	1	
6.91	0.96211	1	
6.92	-0.56958	1	
6.93	-0.48501	1	
6.94	-1.516	1	
6.95	-1.724	1	
6.96	-0.022311	1	
6.97	-0.57638	1	
6.98	0.1828	1	
6.99	-1.2076	1	
7	1.5995	1	
7.01	-0.1808	1	
7.02	0.74999	1	
7.03	-0.51796	1	
7.04	-0.44752	1	
7.05	0.41106	1	
7.06	0.2828	1	
7.07	-1.3872	1	
7.08	-1.7935	1	
7.09	-1.3526	1	
7.1	-1.6645	1	
7.11	-0.18303	1	
7.12	-0.64775	1	
7.13	-0.5984	1	
7.14	-1.5852	1	
7.15	0.56142	1	
7.16	0.2274	1	
7.17	-0.29549	1	
7.18	0.82147	1	
7.19	-1.0675	1	
7.2	0.22732	1	
7.21	0.16724	1	
7.22	0.17423	1	
7.23	-0.89808	1	
7.24	0.1642	1	
7.25	-0.67132	1	
7.26	-1.0467	1	
7.27	-1.3473	1	
7.28	0.90003	1	
7.29	-0.97751	1	
7.3	-0.29825	1	
7.31	-1.3277	1	
7.32	-0.40998	1	
7.33	-3.3386	1	
7.34	-1.1873	1	
7.35	-1.5205	1	
7.36	-1.1023	1	
7.37	-0.29486	1	
7.38	-0.40067	1	
7.39	1.8753	1	
7.4	-0.63456	1	
7.41	-0.30655	1	
7.42	-1.6196	1	
7.43	-0.52135	1	
7.44	-1.3757	1	
7.45	-0.0011117	1	
7.46	0.82796	1	
7.47	0.38541	1	
7.48	-0.71319	1	
7.49	-1.6368	1	
7.5	1.46	1	
7.51	2.0563	1	
7.52	0.13307	1	
7.53	-0.97105	1	
7.54	1.2229	1	
7.55	-0.56125	1	
7.56	-0.43212	1	
7.57	0.93035	1	
7.58	-1.335	1	
7.59	-1.9002	1	
7.6	0.48347	1	
7.61	0.4698	1	
7.62	0.17047	1	
7.63	0.57828	1	
7.64	1.1701	1	
7.65	1.0646	1	
7.66	-0.46821	1	
7.67	0.91658	1	
7.68	0.2861	1	
7.69	-0.38645	1	
7.7	-1.068	1	
7.71	0.77854	1	
7.72	-0.21583	1	
7.73	0.19045	1	
7.74	-0.64272	1	
7.75	-1.3941	1	
7.76	0.33422	1	
7.77	0.10669	1	
7.78	1.3741	1	
7.79	0.98291	1	
7.8	1.2407	1	
7.81	-0.55533	1	
7.82	-0.73662	1	
7.83	-1.0632	1	
7.84	0.70999	1	
7.85	3.0072	1	
7.86	0.95184	1	
7.87	-0.54267	1	
7.88	1.0731	1	
7.89	-0.88573	1	
7.9	-1.1758	1	
7.91	0.97221	1	
7.92	-0.51706	1	
7.93	0.58289	1	
7.94	1.6795	1	
7.95	0.68012	1	
7.96	1.2147	1	
7.97	-1.3148	1	
7.98	0.95858	1	
7.99	2.4415	1	
8	0.85016	1	
8.01	-1.2259	1	
8.02	0.1178	1	
8.03	-0.17308	1	
8.04	0.71584	1	
8.05	0.75077	1	
8.06	0.75014	1	
8.07	-0.013246	1	
8.08	-0.24286	1	
8.09	-0.22731	1	
8.1	1.2217	1	
8.11	-1.479	1	
8.12	0.17248	1	
8.13	0.65596	1	
8.14	-0.2614	1	
8.15	0.87438	1	
8.16	0.33159	1	
8.17	-0.52965	1	
8.18	0.57574	1	
8.19	0.1519	1	
8.2	0.015907	1	
8.21	-0.27987	1	
8.22	0.49856	1	
8.23	-1.4034	1	
8.24	0.05005	1	
8.25	-0.089558	1	
8.26	-0.45232	1	
8.27	1.1178	1	
8.28	-0.26357	1	
8.29	1.0169	1	
8.3	1.4576	1	
8.31	0.33038	1	
8.32	0.77053	1	
8.33	1.1377	1	
8.34	0.42265	1	
8.35	1.0499	1	
8.36	-0.74813	1	
8.37	1.6302	1	
8.38	-0.46439	1	
8.39	-1.2983	1	
8.4	1.9203	1	
8.41	0.47839	1	
8.42	0.99532	1	
8.43	0.18839	1	
8.44	-0.46371	1	
8.45	-2.5109	1	
8.46	1.1935	1	
8.47	0.28575	1	
8.48	0.38023	1	
8.49	0.9883	1	
8.5	-0.83156	1	
8.51	-0.13659	1	
8.52	1.7452	1	
8.53	1.2008	1	
8.54	-0.67335	1	
8.55	-1.5904	1	
8.56	0.046613	1	
8.57	0.83678	1	
8.58	1.5701	1	
8.59	0.7263	1	
8.6	-0.48489	1	
8.61	0.94841	1	
8.62	-0.52528	1	
8.63	-0.30913	1	
8.64	0.0028507	1	
8.65	-0.56808	1	
8.66	0.39505	1	
8.67	-0.22926	1	
8.68	0.38965	1	
8.69	0.21753	1	
8.7	0.27476	1	
8.71	0.18557	1	
8.72	1.927	1	
8.73	1.3085	1	
8.74	0.76172	1	
8.75	-0.75984	1	
8.76	-0.91427	1	
8.77	-1.2488	1	
8.78	3.3255	1	
8.79	1.697	1	
8.8	0.98595	1	
8.81	-0.24099	1	
8.82	-0.40885	1	
8.83	1.2894	1	
8.84	2.311	1	
8.85	-0.94323	1	
8.86	0.30485	1	
8.87	0.67407	1	
8.88	-1.2296	1	
8.89	1.6077	1	
8.9	0.35585	1	
8.91	2.6867	1	
8.92	0.38756	1	
8.93	1.1916	1	
8.94	-0.35614	1	
8.95	0.16529	1	
8.96	-0.37473	1	
8.97	1.1904	1	
8.98	2.1034	1	
8.99	0.21167	1	
9	1.2454	1	
9.01	0.30833	1	
9.02	0.91845	1	
9.03	2.0162	1	
9.04	0.94382	1	
9.05	-0.20976	1	
9.06	-0.026507	1	
9.07	0.6642	1	
9.08	0.64586	1	
9.09	-0.024871	1	
9.1	1.025	1	
9.11	2.1142	1	
9.12	0.59983	1	
9.13	0.64971	1	
9.14	-1.344	1	
9.15	0.086229	1	
9.16	-0.52935	1	
9.17	0.48084	1	
9.18	1.3958	1	
9.19	2.3965	1	
9.2	2.6748	1	
9.21	0.76243	1	
9.22	0.5621	1	
9.23	1.7027	1	
9.24	1.3783	1	
9.25	1.6563	1	
9.26	1.6721	1	
9.27	-0.58366	1	
9.28	1.4398	1	
9.29	0.81059	1	
9.3	0.14457	1	
9.31	0.21389	1	
9.32	2.1916	1	
9.33	0.10295	1	
9.34	-0.32158	1	
9.35	1.1324	1	
9.36	2.931	1	
9.37	0.94823	1	
9.38	1.2334	1	
9.39	-0.010802	1	
9.4	2.604	1	
9.41	1.0571	1	
9.42	1.4644	1	
9.43	-0.015518	1	
9.44	1.7928	1	
9.45	1.33	1	
9.46	-0.21301	1	
9.47	0.9848	1	
9.48	0.4965	1	
9.49	1.0583	1	
9.5	0.7005	1	
9.51	0.76308	1	
9.52	-0.078049	1	
9.53	0.63342	1	
9.54	1.725	1	
9.55	2.705	1	
9.56	-0.19849	1	
9.57	3.3411	1	
9.58	2.4915	1	
9.59	1.1355	1	
9.6	0.66738	1	
9.61	0.27147	1	
9.62	1.8044	1	
9.63	0.27849	1	
9.64	0.51264	1	
9.65	1.8595	1	
9.66	1.4132	1	
9.67	1.8753	1	
9.68	1.4846	1	
9.69	0.58019	1	
9.7	0.46844	1	
9.71	1.7798	1	
9.72	0.31337	1	
9.73	2.1723	1	
9.74	1.7774	1	
9.75	1.2754	1	
9.76	0.99188	1	
9.77	1.3552	1	
9.78	4.5171	1	
9.79	0.87887	1	
9.8	-0.56448	1	
9.81	2.908	1	
9.82	1.6035	1	
9.83	0.34639	1	
9.84	3.6123	1	
9.85	1.5465	1	
9.86	1.2903	1	
9.87	0.21882	1	
9.88	-0.067771	1	
9.89	-0.7708	1	
9.9	0.57511	1	
9.91	-0.054701	1	
9.92	1.6465	1	
9.93	0.6814	1	
9.94	2.7683	1	
9.95	2.5101	1	
9.96	1.1637	1	
9.97	0.71706	1	
9.98	2.1521	1	
9.99	-0.14653	1	
10	1.6737	1	
